735508,2526,2538,-12,IDLE,4,1,1
735659,2525,2538,-13,IDLE,4,1,1
735810,2525,2538,-13,IDLE,4,1,1
735961,2525,2538,-13,IDLE,4,1,1
736112,2525,2538,-13,IDLE,4,1,1
736262,2525,2538,-13,IDLE,4,1,1
736413,2526,2538,-12,IDLE,4,1,1
736564,2526,2538,-12,IDLE,4,1,1
736715,2526,2538,-12,IDLE,4,1,1
736866,2525,2538,-13,IDLE,4,1,1
737017,2525,2538,-13,IDLE,4,1,1
737168,2524,2538,-14,IDLE,4,1,1
737319,2525,2538,-13,IDLE,4,1,1
737469,2525,2538,-13,IDLE,4,1,1
737620,2524,2538,-14,IDLE,4,1,1
737771,2525,2538,-13,IDLE,4,1,1
737922,2525,2538,-13,IDLE,4,1,1
738073,2526,2538,-12,IDLE,4,1,1
738224,2526,2538,-12,IDLE,4,1,1
738375,2524,2538,-14,IDLE,4,1,1
738526,2525,2538,-13,IDLE,4,1,1
738677,2525,2538,-13,IDLE,4,1,1
738828,2526,2538,-12,IDLE,4,1,1
738978,2525,2538,-13,IDLE,4,1,1
739129,2525,2538,-13,IDLE,4,1,1
739280,2526,2538,-12,IDLE,4,1,1
739431,2525,2538,-13,IDLE,4,1,1
739582,2527,2538,-11,IDLE,4,1,1
739733,2525,2538,-13,IDLE,4,1,1
739884,2524,2538,-14,IDLE,4,1,1
740035,2525,2538,-13,IDLE,4,1,1
740185,2525,2538,-13,IDLE,4,1,1
740336,2525,2538,-13,IDLE,4,1,1
740487,2525,2538,-13,IDLE,4,1,1
740638,2526,2538,-12,IDLE,4,1,1
740789,2523,2538,-15,IDLE,4,1,1
740940,2525,2538,-13,IDLE,4,1,1
741091,2524,2538,-14,IDLE,4,1,1
741242,2524,2538,-14,IDLE,4,1,1
741393,2524,2538,-14,IDLE,4,1,1
741543,2525,2538,-13,IDLE,4,1,1
741694,2524,2538,-14,IDLE,4,1,1
741845,2524,2538,-14,IDLE,4,1,1
741996,2523,2538,-15,IDLE,4,1,1
742147,2523,2538,-15,IDLE,4,1,1
742298,2525,2538,-13,IDLE,4,1,1
742449,2524,2538,-14,IDLE,4,1,1
742600,2524,2538,-14,IDLE,4,1,1
# CALIBRATING: keep pressure at rest; do not move the syringe.
742751,2524,,,CALIBRATING,4,1,0
742902,2524,,,CALIBRATING,4,1,0
743052,2524,,,CALIBRATING,4,1,0
743203,2524,,,CALIBRATING,4,1,0
743354,2524,,,CALIBRATING,4,1,0
743505,2524,,,CALIBRATING,4,1,0
743656,2524,,,CALIBRATING,4,1,0
743807,2524,,,CALIBRATING,4,1,0
743957,2525,,,CALIBRATING,4,1,0
744108,2522,,,CALIBRATING,4,1,0
744259,2524,,,CALIBRATING,4,1,0
744410,2524,,,CALIBRATING,4,1,0
744561,2524,,,CALIBRATING,4,1,0
744712,2524,,,CALIBRATING,4,1,0
744862,2523,,,CALIBRATING,4,1,0
745013,2525,,,CALIBRATING,4,1,0
745164,2525,,,CALIBRATING,4,1,0
745315,2525,,,CALIBRATING,4,1,0
745466,2524,,,CALIBRATING,4,1,0
745616,2526,,,CALIBRATING,4,1,0
745767,2524,,,CALIBRATING,4,1,0
745918,2525,,,CALIBRATING,4,1,0
746069,2525,,,CALIBRATING,4,1,0
746220,2525,,,CALIBRATING,4,1,0
746370,2525,,,CALIBRATING,4,1,0
746521,2525,,,CALIBRATING,4,1,0
746672,2524,,,CALIBRATING,4,1,0
746823,2525,,,CALIBRATING,4,1,0
746974,2524,,,CALIBRATING,4,1,0
747125,2524,,,CALIBRATING,4,1,0
# READY: baseline_raw=2524; counting enabled. Send z to recalibrate.
747276,2524,2524,0,IDLE,4,1,1
747427,2525,2524,1,IDLE,4,1,1
747577,2522,2524,-2,IDLE,4,1,1
747728,2524,2524,0,IDLE,4,1,1
747879,2525,2524,1,IDLE,4,1,1
748030,2525,2524,1,IDLE,4,1,1
748181,2527,2524,3,IDLE,4,1,1
748332,2528,2524,4,IDLE,4,1,1
748483,2527,2524,3,IDLE,4,1,1
748633,2529,2524,5,IDLE,4,1,1
748784,2531,2524,7,IDLE,4,1,1
748935,2532,2524,8,IDLE,4,1,1
749086,2531,2524,7,IDLE,4,1,1
749237,2532,2524,8,IDLE,4,1,1
749388,2532,2524,8,IDLE,4,1,1
749539,2533,2524,9,IDLE,4,1,1
749689,2533,2524,9,IDLE,4,1,1
749840,2535,2524,11,IDLE,4,1,1
749991,2535,2524,11,IDLE,4,1,1
750142,2535,2524,11,IDLE,4,1,1
750293,2535,2524,11,IDLE,4,1,1
750444,2536,2524,12,IDLE,4,1,1
750595,2536,2524,12,IDLE,4,1,1
750746,2537,2524,13,IDLE,4,1,1
750896,2536,2524,12,IDLE,4,1,1
751047,2536,2524,12,IDLE,4,1,1
751198,2536,2524,12,IDLE,4,1,1
751349,2537,2524,13,IDLE,4,1,1
751500,2537,2524,13,IDLE,4,1,1
751651,2538,2524,14,IDLE,4,1,1
751802,2537,2524,13,IDLE,4,1,1
751953,2537,2524,13,IDLE,4,1,1
752103,2536,2524,12,IDLE,4,1,1
752254,2537,2524,13,IDLE,4,1,1
752405,2536,2524,12,IDLE,4,1,1
752556,2536,2524,12,IDLE,4,1,1
752707,2537,2524,13,IDLE,4,1,1
752858,2536,2524,12,IDLE,4,1,1
753009,2535,2524,11,IDLE,4,1,1
753160,2535,2524,11,IDLE,4,1,1
753311,2535,2524,11,IDLE,4,1,1
753461,2535,2524,11,IDLE,4,1,1
753612,2535,2524,11,IDLE,4,1,1
753763,2535,2524,11,IDLE,4,1,1
753914,2534,2524,10,IDLE,4,1,1
754065,2535,2524,11,IDLE,4,1,1
754216,2533,2524,9,IDLE,4,1,1
754367,2534,2524,10,IDLE,4,1,1
754518,2532,2524,8,IDLE,4,1,1
754668,2532,2524,8,IDLE,4,1,1
754819,2532,2524,8,IDLE,4,1,1
754970,2533,2524,9,IDLE,4,1,1
755121,2533,2524,9,IDLE,4,1,1
755272,2535,2524,11,IDLE,4,1,1
755423,2536,2524,12,IDLE,4,1,1
755574,2533,2524,9,IDLE,4,1,1
755725,2533,2524,9,IDLE,4,1,1
755876,2536,2524,12,IDLE,4,1,1
756027,2562,2524,38,IDLE,4,1,1
# POSITIVE_PRESSURE_START
756177,2733,2524,209,POSITIVE_EVENT,4,1,1
756328,3076,2524,552,POSITIVE_EVENT,4,1,1
756479,3000,2524,476,POSITIVE_EVENT,4,1,1
756630,3582,2524,1058,POSITIVE_EVENT,4,1,1
756781,3185,2524,661,POSITIVE_EVENT,4,1,1
756932,3190,2524,666,POSITIVE_EVENT,4,1,1
757083,3165,2524,641,POSITIVE_EVENT,4,1,1
757234,3201,2524,677,POSITIVE_EVENT,4,1,1
757385,3140,2524,616,POSITIVE_EVENT,4,1,1
757535,3044,2524,520,POSITIVE_EVENT,4,1,1
757686,2956,2524,432,POSITIVE_EVENT,4,1,1
757837,2937,2524,413,POSITIVE_EVENT,4,1,1
757988,2872,2524,348,POSITIVE_EVENT,4,1,1
758139,2820,2524,296,POSITIVE_EVENT,4,1,1
758290,2815,2524,291,POSITIVE_EVENT,4,1,1
758441,2813,2524,289,POSITIVE_EVENT,4,1,1
758592,2879,2524,355,POSITIVE_EVENT,4,1,1
758742,2872,2524,348,POSITIVE_EVENT,4,1,1
758893,2837,2524,313,POSITIVE_EVENT,4,1,1
759044,2797,2524,273,POSITIVE_EVENT,4,1,1
759195,2795,2524,271,POSITIVE_EVENT,4,1,1
759346,2766,2524,242,POSITIVE_EVENT,4,1,1
759497,2734,2524,210,POSITIVE_EVENT,4,1,1
759648,2723,2524,199,POSITIVE_EVENT,4,1,1
759799,2721,2524,197,POSITIVE_EVENT,4,1,1
759950,2708,2524,184,POSITIVE_EVENT,4,1,1
760100,2715,2524,191,POSITIVE_EVENT,4,1,1
760251,2716,2524,192,POSITIVE_EVENT,4,1,1
760402,2722,2524,198,POSITIVE_EVENT,4,1,1
760553,2718,2524,194,POSITIVE_EVENT,4,1,1
760704,2718,2524,194,POSITIVE_EVENT,4,1,1
760855,2746,2524,222,POSITIVE_EVENT,4,1,1
761006,2764,2524,240,POSITIVE_EVENT,4,1,1
761156,2779,2524,255,POSITIVE_EVENT,4,1,1
761307,2782,2524,258,POSITIVE_EVENT,4,1,1
761458,2767,2524,243,POSITIVE_EVENT,4,1,1
761609,2748,2524,224,POSITIVE_EVENT,4,1,1
761760,2752,2524,228,POSITIVE_EVENT,4,1,1
761911,2799,2524,275,POSITIVE_EVENT,4,1,1
762062,2749,2524,225,POSITIVE_EVENT,4,1,1
762213,2747,2524,223,POSITIVE_EVENT,4,1,1
762363,2799,2524,275,POSITIVE_EVENT,4,1,1
762514,2711,2524,187,POSITIVE_EVENT,4,1,1
762665,2762,2524,238,POSITIVE_EVENT,4,1,1
762816,3076,2524,552,POSITIVE_EVENT,4,1,1
762967,2829,2524,305,POSITIVE_EVENT,4,1,1
763118,2857,2524,333,POSITIVE_EVENT,4,1,1
763269,3359,2524,835,POSITIVE_EVENT,4,1,1
763420,2716,2524,192,POSITIVE_EVENT,4,1,1
# CANDIDATE_VENTILATION count=5, peak_delta_raw=1058, duration_ms=7393
763570,2530,2524,6,IDLE,5,1,1
763722,2529,2524,5,IDLE,5,1,1
763872,2526,2524,2,IDLE,5,1,1
764023,2526,2524,2,IDLE,5,1,1
764174,2526,2524,2,IDLE,5,1,1
764325,2528,2524,4,IDLE,5,1,1
764476,2528,2524,4,IDLE,5,1,1
764627,2528,2524,4,IDLE,5,1,1
764778,2528,2524,4,IDLE,5,1,1
764929,2528,2524,4,IDLE,5,1,1
765079,2528,2524,4,IDLE,5,1,1
765230,2528,2524,4,IDLE,5,1,1
765381,2529,2524,5,IDLE,5,1,1
765532,2529,2524,5,IDLE,5,1,1
765683,2528,2524,4,IDLE,5,1,1
765834,2528,2524,4,IDLE,5,1,1
765985,2528,2524,4,IDLE,5,1,1
766135,2527,2524,3,IDLE,5,1,1
766286,2499,2524,-25,IDLE,5,1,1
# NEGATIVE_PRESSURE_START
766437,2150,2524,-374,NEGATIVE_EVENT,5,1,1
766588,2181,2524,-343,NEGATIVE_EVENT,5,1,1
766739,2005,2524,-519,NEGATIVE_EVENT,5,1,1
766890,1745,2524,-779,NEGATIVE_EVENT,5,1,1
767041,1472,2524,-1052,NEGATIVE_EVENT,5,1,1
767192,1468,2524,-1056,NEGATIVE_EVENT,5,1,1
767343,1618,2524,-906,NEGATIVE_EVENT,5,1,1
767493,1707,2524,-817,NEGATIVE_EVENT,5,1,1
767644,1745,2524,-779,NEGATIVE_EVENT,5,1,1
767795,1789,2524,-735,NEGATIVE_EVENT,5,1,1
767946,1808,2524,-716,NEGATIVE_EVENT,5,1,1
768097,1834,2524,-690,NEGATIVE_EVENT,5,1,1
768248,1839,2524,-685,NEGATIVE_EVENT,5,1,1
768399,1746,2524,-778,NEGATIVE_EVENT,5,1,1
768550,1695,2524,-829,NEGATIVE_EVENT,5,1,1
768701,1702,2524,-822,NEGATIVE_EVENT,5,1,1
768852,1839,2524,-685,NEGATIVE_EVENT,5,1,1
769002,1961,2524,-563,NEGATIVE_EVENT,5,1,1
769153,2098,2524,-426,NEGATIVE_EVENT,5,1,1
769304,2278,2524,-246,NEGATIVE_EVENT,5,1,1
769455,2321,2524,-203,NEGATIVE_EVENT,5,1,1
# NEGATIVE_PRESSURE_END min_delta_raw=-1056, duration_ms=3169
769606,2524,2524,0,IDLE,5,1,1
769757,2529,2524,5,IDLE,5,1,1
769908,2531,2524,7,IDLE,5,1,1
770059,2532,2524,8,IDLE,5,1,1
770210,2530,2524,6,IDLE,5,1,1
770360,2532,2524,8,IDLE,5,1,1
770511,2531,2524,7,IDLE,5,1,1
770662,2534,2524,10,IDLE,5,1,1
770813,2532,2524,8,IDLE,5,1,1
770964,2534,2524,10,IDLE,5,1,1
771115,2534,2524,10,IDLE,5,1,1
771266,2541,2524,17,IDLE,5,1,1
771417,2555,2524,31,IDLE,5,1,1
771567,2608,2524,84,IDLE,5,1,1
771718,2670,2524,146,IDLE,5,1,1
# POSITIVE_PRESSURE_START
771869,2745,2524,221,POSITIVE_EVENT,5,1,1
772020,2824,2524,300,POSITIVE_EVENT,5,1,1
772171,3153,2524,629,POSITIVE_EVENT,5,1,1
772322,3183,2524,659,POSITIVE_EVENT,5,1,1
772473,3100,2524,576,POSITIVE_EVENT,5,1,1
772624,3002,2524,478,POSITIVE_EVENT,5,1,1
772775,2997,2524,473,POSITIVE_EVENT,5,1,1
772925,3039,2524,515,POSITIVE_EVENT,5,1,1
773076,3064,2524,540,POSITIVE_EVENT,5,1,1
773227,3098,2524,574,POSITIVE_EVENT,5,1,1
773378,3111,2524,587,POSITIVE_EVENT,5,1,1
773529,3104,2524,580,POSITIVE_EVENT,5,1,1
773680,3311,2524,787,POSITIVE_EVENT,5,1,1
773831,3437,2524,913,POSITIVE_EVENT,5,1,1
773982,3308,2524,784,POSITIVE_EVENT,5,1,1
774133,3239,2524,715,POSITIVE_EVENT,5,1,1
774284,3477,2524,953,POSITIVE_EVENT,5,1,1
774435,3528,2524,1004,POSITIVE_EVENT,5,1,1
774585,3556,2524,1032,POSITIVE_EVENT,5,1,1
774736,3411,2524,887,POSITIVE_EVENT,5,1,1
774887,3252,2524,728,POSITIVE_EVENT,5,1,1
775038,3116,2524,592,POSITIVE_EVENT,5,1,1
775189,3420,2524,896,POSITIVE_EVENT,5,1,1
775340,3089,2524,565,POSITIVE_EVENT,5,1,1
775491,2693,2524,169,POSITIVE_EVENT,5,1,1
# CANDIDATE_VENTILATION count=6, peak_delta_raw=1032, duration_ms=3772, interval_ms=15692
775641,2527,2524,3,IDLE,6,1,1
775792,2526,2524,2,IDLE,6,1,1
775943,2525,2524,1,IDLE,6,1,1
776094,2526,2524,2,IDLE,6,1,1
776245,2528,2524,4,IDLE,6,1,1
776396,2528,2524,4,IDLE,6,1,1
776547,2527,2524,3,IDLE,6,1,1
776698,2526,2524,2,IDLE,6,1,1
776849,2520,2524,-4,IDLE,6,1,1
# NEGATIVE_PRESSURE_START
776999,2219,2524,-305,NEGATIVE_EVENT,6,1,1
777150,2050,2524,-474,NEGATIVE_EVENT,6,1,1
777301,1935,2524,-589,NEGATIVE_EVENT,6,1,1
777452,1658,2524,-866,NEGATIVE_EVENT,6,1,1
777603,1298,2524,-1226,NEGATIVE_EVENT,6,1,1
777754,1096,2524,-1428,NEGATIVE_EVENT,6,1,1
777905,1079,2524,-1445,NEGATIVE_EVENT,6,1,1
778056,1196,2524,-1328,NEGATIVE_EVENT,6,1,1
778207,1257,2524,-1267,NEGATIVE_EVENT,6,1,1
778358,1269,2524,-1255,NEGATIVE_EVENT,6,1,1
778509,1287,2524,-1237,NEGATIVE_EVENT,6,1,1
778659,1267,2524,-1257,NEGATIVE_EVENT,6,1,1
778810,1312,2524,-1212,NEGATIVE_EVENT,6,1,1
778961,1404,2524,-1120,NEGATIVE_EVENT,6,1,1
779112,1430,2524,-1094,NEGATIVE_EVENT,6,1,1
779263,1442,2524,-1082,NEGATIVE_EVENT,6,1,1
779414,1509,2524,-1015,NEGATIVE_EVENT,6,1,1
779565,1550,2524,-974,NEGATIVE_EVENT,6,1,1
779716,1713,2524,-811,NEGATIVE_EVENT,6,1,1
779867,2041,2524,-483,NEGATIVE_EVENT,6,1,1
# NEGATIVE_PRESSURE_END min_delta_raw=-1445, duration_ms=3018
780017,2511,2524,-13,IDLE,6,1,1
780169,2521,2524,-3,IDLE,6,1,1
780319,2526,2524,2,IDLE,6,1,1
780470,2526,2524,2,IDLE,6,1,1
780621,2526,2524,2,IDLE,6,1,1
780772,2525,2524,1,IDLE,6,1,1
780923,2526,2524,2,IDLE,6,1,1
781074,2527,2524,3,IDLE,6,1,1
781225,2526,2524,2,IDLE,6,1,1
781376,2528,2524,4,IDLE,6,1,1
781526,2526,2524,2,IDLE,6,1,1
781677,2527,2524,3,IDLE,6,1,1
781828,2527,2524,3,IDLE,6,1,1
781979,2526,2524,2,IDLE,6,1,1
782130,2530,2524,6,IDLE,6,1,1
782281,2530,2524,6,IDLE,6,1,1
782432,2539,2524,15,IDLE,6,1,1
782583,2561,2524,37,IDLE,6,1,1
782733,2612,2524,88,IDLE,6,1,1
782884,2622,2524,98,IDLE,6,1,1
783035,2601,2524,77,IDLE,6,1,1
783186,2596,2524,72,IDLE,6,1,1
783337,2601,2524,77,IDLE,6,1,1
783488,2713,2524,189,IDLE,6,1,1
# POSITIVE_PRESSURE_START
783639,3081,2524,557,POSITIVE_EVENT,6,1,1
783790,3140,2524,616,POSITIVE_EVENT,6,1,1
783940,3244,2524,720,POSITIVE_EVENT,6,1,1
784091,3098,2524,574,POSITIVE_EVENT,6,1,1
784242,3329,2524,805,POSITIVE_EVENT,6,1,1
784393,3430,2524,906,POSITIVE_EVENT,6,1,1
784544,3298,2524,774,POSITIVE_EVENT,6,1,1
784695,3389,2524,865,POSITIVE_EVENT,6,1,1
784846,3259,2524,735,POSITIVE_EVENT,6,1,1
784997,3402,2524,878,POSITIVE_EVENT,6,1,1
785147,3435,2524,911,POSITIVE_EVENT,6,1,1
785298,3468,2524,944,POSITIVE_EVENT,6,1,1
785449,3560,2524,1036,POSITIVE_EVENT,6,1,1
785600,3769,2524,1245,POSITIVE_EVENT,6,1,1
785751,4025,2524,1501,POSITIVE_EVENT,6,1,1
785902,3810,2524,1286,POSITIVE_EVENT,6,1,1
786053,3425,2524,901,POSITIVE_EVENT,6,1,1
786204,3270,2524,746,POSITIVE_EVENT,6,1,1
786354,3629,2524,1105,POSITIVE_EVENT,6,1,1
786505,3404,2524,880,POSITIVE_EVENT,6,1,1
# CANDIDATE_VENTILATION count=7, peak_delta_raw=1501, duration_ms=3017, interval_ms=11770
786656,2533,2524,9,IDLE,7,1,1
786807,2529,2524,5,IDLE,7,1,1
786958,2527,2524,3,IDLE,7,1,1
787109,2529,2524,5,IDLE,7,1,1
787260,2529,2524,5,IDLE,7,1,1
787411,2524,2524,0,IDLE,7,1,1
# NEGATIVE_PRESSURE_START
787562,2273,2524,-251,NEGATIVE_EVENT,7,1,1
787713,2066,2524,-458,NEGATIVE_EVENT,7,1,1
787864,1851,2524,-673,NEGATIVE_EVENT,7,1,1
788015,2031,2524,-493,NEGATIVE_EVENT,7,1,1
788165,1751,2524,-773,NEGATIVE_EVENT,7,1,1
788316,1436,2524,-1088,NEGATIVE_EVENT,7,1,1
788467,1288,2524,-1236,NEGATIVE_EVENT,7,1,1
788618,1347,2524,-1177,NEGATIVE_EVENT,7,1,1
788769,1392,2524,-1132,NEGATIVE_EVENT,7,1,1
788920,1315,2524,-1209,NEGATIVE_EVENT,7,1,1
789071,1269,2524,-1255,NEGATIVE_EVENT,7,1,1
789222,1196,2524,-1328,NEGATIVE_EVENT,7,1,1
789373,1226,2524,-1298,NEGATIVE_EVENT,7,1,1
789523,1356,2524,-1168,NEGATIVE_EVENT,7,1,1
789674,1523,2524,-1001,NEGATIVE_EVENT,7,1,1
789825,1527,2524,-997,NEGATIVE_EVENT,7,1,1
789976,1475,2524,-1049,NEGATIVE_EVENT,7,1,1
790127,1534,2524,-990,NEGATIVE_EVENT,7,1,1
790278,1735,2524,-789,NEGATIVE_EVENT,7,1,1
790429,1740,2524,-784,NEGATIVE_EVENT,7,1,1
# NEGATIVE_PRESSURE_END min_delta_raw=-1328, duration_ms=3018
790580,2521,2524,-3,IDLE,7,1,1
790731,2530,2524,6,IDLE,7,1,1
790882,2531,2524,7,IDLE,7,1,1
791033,2532,2524,8,IDLE,7,1,1
791183,2532,2524,8,IDLE,7,1,1
791334,2530,2524,6,IDLE,7,1,1
791485,2533,2524,9,IDLE,7,1,1
791636,2532,2524,8,IDLE,7,1,1
791787,2532,2524,8,IDLE,7,1,1
791938,2531,2524,7,IDLE,7,1,1
792089,2532,2524,8,IDLE,7,1,1
792239,2532,2524,8,IDLE,7,1,1
792390,2531,2524,7,IDLE,7,1,1
792541,2533,2524,9,IDLE,7,1,1
792692,2533,2524,9,IDLE,7,1,1
792843,2532,2524,8,IDLE,7,1,1
792994,2534,2524,10,IDLE,7,1,1
793145,2533,2524,9,IDLE,7,1,1
793296,2533,2524,9,IDLE,7,1,1
793446,2535,2524,11,IDLE,7,1,1
793597,2532,2524,8,IDLE,7,1,1
793748,2534,2524,10,IDLE,7,1,1
793899,2533,2524,9,IDLE,7,1,1
794050,2535,2524,11,IDLE,7,1,1
794201,2533,2524,9,IDLE,7,1,1
794352,2533,2524,9,IDLE,7,1,1
794503,2534,2524,10,IDLE,7,1,1
794654,2534,2524,10,IDLE,7,1,1
794804,2533,2524,9,IDLE,7,1,1
794955,2533,2524,9,IDLE,7,1,1
795106,2533,2524,9,IDLE,7,1,1
795257,2534,2524,10,IDLE,7,1,1
795408,2534,2524,10,IDLE,7,1,1
795559,2534,2524,10,IDLE,7,1,1
795710,2533,2524,9,IDLE,7,1,1
795860,2533,2524,9,IDLE,7,1,1
796011,2533,2524,9,IDLE,7,1,1
796162,2533,2524,9,IDLE,7,1,1
796313,2535,2524,11,IDLE,7,1,1
796464,2535,2524,11,IDLE,7,1,1
796615,2535,2524,11,IDLE,7,1,1
796766,2535,2524,11,IDLE,7,1,1
796916,2535,2524,11,IDLE,7,1,1
797067,2535,2524,11,IDLE,7,1,1
797218,2535,2524,11,IDLE,7,1,1
797369,2536,2524,12,IDLE,7,1,1
797520,2536,2524,12,IDLE,7,1,1
797671,2536,2524,12,IDLE,7,1,1
797822,2535,2524,11,IDLE,7,1,1
797973,2535,2524,11,IDLE,7,1,1
798123,2537,2524,13,IDLE,7,1,1
798274,2536,2524,12,IDLE,7,1,1
798425,2535,2524,11,IDLE,7,1,1
798576,2536,2524,12,IDLE,7,1,1
798727,2535,2524,11,IDLE,7,1,1
798878,2536,2524,12,IDLE,7,1,1
799029,2536,2524,12,IDLE,7,1,1
799180,2536,2524,12,IDLE,7,1,1
799331,2539,2524,15,IDLE,7,1,1
799481,2537,2524,13,IDLE,7,1,1
799632,2537,2524,13,IDLE,7,1,1
799783,2538,2524,14,IDLE,7,1,1
799934,2539,2524,15,IDLE,7,1,1
800085,2536,2524,12,IDLE,7,1,1
800236,2535,2524,11,IDLE,7,1,1
800387,2537,2524,13,IDLE,7,1,1
800538,2537,2524,13,IDLE,7,1,1
800688,2537,2524,13,IDLE,7,1,1
800839,2536,2524,12,IDLE,7,1,1
800990,2537,2524,13,IDLE,7,1,1
801141,2537,2524,13,IDLE,7,1,1
